300
4 S 1 2 3 4
8 S 1 2 3 8
12 S 1 2 3 12
16 S 1 2 3 16
20 S 1 2 3 20
24 S 1 2 3 24
28 S 1 2 3 28
32 S 1 2 3 32
36 S 1 2 3 36
40 S 1 2 3 40
44 S 1 2 3 44
48 S 1 2 3 48
52 S 1 2 3 52
56 S 1 2 3 56
60 S 1 2 3 60
64 S 1 2 3 64
68 S 1 2 3 68
72 S 1 2 3 72
76 S 1 2 3 76
80 S 1 2 3 80
84 S 1 2 3 84
88 S 1 2 3 88
92 S 1 2 3 92
96 S 1 2 3 96
100 S 1 2 3 100
104 S 1 2 3 104
108 S 1 2 3 108
112 S 1 2 3 112
116 S 1 2 3 116
120 S 1 2 3 120
124 S 1 2 3 124
128 S 1 2 3 128
132 S 1 2 3 132
136 S 1 2 3 136
140 S 1 2 3 140
144 S 1 2 3 144
148 S 1 2 3 148
152 S 1 2 3 152
156 S 1 2 3 156
160 S 1 2 3 160
164 S 1 2 3 164
168 S 1 2 3 168
172 S 1 2 3 172
176 S 1 2 3 176
180 S 1 2 3 180
184 S 1 2 3 184
188 S 1 2 3 188
192 S 1 2 3 192
196 S 1 2 3 196
200 S 1 2 3 200
204 S 1 2 3 204
208 S 1 2 3 208
212 S 1 2 3 212
216 S 1 2 3 216
220 S 1 2 3 220
224 S 1 2 3 224
228 S 1 2 3 228
232 S 1 2 3 232
236 S 1 2 3 236
240 S 1 2 3 240
244 S 1 2 3 244
248 S 1 2 3 248
252 S 1 2 3 252
256 S 1 2 3 256
260 S 1 2 3 260
264 S 1 2 3 264
268 S 1 2 3 268
272 S 1 2 3 272
276 S 1 2 3 276
280 S 1 2 3 280
284 S 1 2 3 284
288 S 1 2 3 288
292 S 1 2 3 292
296 S 1 2 3 296
300 S 1 2 3 300
304 S 1 2 3 304
308 S 1 2 3 308
312 S 1 2 3 312
316 S 1 2 3 316
320 S 1 2 3 320
324 S 1 2 3 324
328 S 1 2 3 328
332 S 1 2 3 332
336 S 1 2 3 336
340 S 1 2 3 340
344 S 1 2 3 344
348 S 1 2 3 348
352 S 1 2 3 352
356 S 1 2 3 356
360 S 1 2 3 360
364 S 1 2 3 364
368 S 1 2 3 368
372 S 1 2 3 372
376 S 1 2 3 376
380 S 1 2 3 380
384 S 1 2 3 384
388 S 1 2 3 388
392 S 1 2 3 392
396 S 1 2 3 396
400 S 1 2 3 400
404 S 1 2 3 404
408 S 1 2 3 408
412 S 1 2 3 412
416 S 1 2 3 416
420 S 1 2 3 420
424 S 1 2 3 424
428 S 1 2 3 428
432 S 1 2 3 432
436 S 1 2 3 436
440 S 1 2 3 440
444 S 1 2 3 444
448 S 1 2 3 448
452 S 1 2 3 452
456 S 1 2 3 456
460 S 1 2 3 460
464 S 1 2 3 464
468 S 1 2 3 468
472 S 1 2 3 472
476 S 1 2 3 476
480 S 1 2 3 480
484 S 1 2 3 484
488 S 1 2 3 488
492 S 1 2 3 492
496 S 1 2 3 496
500 S 1 2 3 500
504 S 1 2 3 504
508 S 1 2 3 508
512 S 1 2 3 512
516 S 1 2 3 516
520 S 1 2 3 520
524 S 1 2 3 524
528 S 1 2 3 528
532 S 1 2 3 532
536 S 1 2 3 536
540 S 1 2 3 540
544 S 1 2 3 544
548 S 1 2 3 548
552 S 1 2 3 552
556 S 1 2 3 556
560 S 1 2 3 560
564 S 1 2 3 564
568 S 1 2 3 568
572 S 1 2 3 572
576 S 1 2 3 576
580 S 1 2 3 580
584 S 1 2 3 584
588 S 1 2 3 588
592 S 1 2 3 592
596 S 1 2 3 596
600 S 1 2 3 600
604 S 1 2 3 604
608 S 1 2 3 608
612 S 1 2 3 612
616 S 1 2 3 616
620 S 1 2 3 620
624 S 1 2 3 624
628 S 1 2 3 628
632 S 1 2 3 632
636 S 1 2 3 636
640 S 1 2 3 640
644 S 1 2 3 644
648 S 1 2 3 648
652 S 1 2 3 652
656 S 1 2 3 656
660 S 1 2 3 660
664 S 1 2 3 664
668 S 1 2 3 668
672 S 1 2 3 672
676 S 1 2 3 676
680 S 1 2 3 680
684 S 1 2 3 684
688 S 1 2 3 688
692 S 1 2 3 692
696 S 1 2 3 696
700 S 1 2 3 700
704 S 1 2 3 704
708 S 1 2 3 708
712 S 1 2 3 712
716 S 1 2 3 716
720 S 1 2 3 720
724 S 1 2 3 724
728 S 1 2 3 728
732 S 1 2 3 732
736 S 1 2 3 736
740 S 1 2 3 740
744 S 1 2 3 744
748 S 1 2 3 748
752 S 1 2 3 752
756 S 1 2 3 756
760 S 1 2 3 760
764 S 1 2 3 764
768 S 1 2 3 768
772 S 1 2 3 772
776 S 1 2 3 776
780 S 1 2 3 780
784 S 1 2 3 784
788 S 1 2 3 788
792 S 1 2 3 792
796 S 1 2 3 796
800 S 1 2 3 800
804 S 1 2 3 804
808 S 1 2 3 808
812 S 1 2 3 812
816 S 1 2 3 816
820 S 1 2 3 820
824 S 1 2 3 824
828 S 1 2 3 828
832 S 1 2 3 832
836 S 1 2 3 836
840 S 1 2 3 840
844 S 1 2 3 844
848 S 1 2 3 848
852 S 1 2 3 852
856 S 1 2 3 856
860 S 1 2 3 860
864 S 1 2 3 864
868 S 1 2 3 868
872 S 1 2 3 872
876 S 1 2 3 876
880 S 1 2 3 880
884 S 1 2 3 884
888 S 1 2 3 888
892 S 1 2 3 892
896 S 1 2 3 896
900 S 1 2 3 900
904 S 1 2 3 904
908 S 1 2 3 908
912 S 1 2 3 912
916 S 1 2 3 916
920 S 1 2 3 920
924 S 1 2 3 924
928 S 1 2 3 928
932 S 1 2 3 932
936 S 1 2 3 936
940 S 1 2 3 940
944 S 1 2 3 944
948 S 1 2 3 948
952 S 1 2 3 952
956 S 1 2 3 956
960 S 1 2 3 960
964 S 1 2 3 964
968 S 1 2 3 968
972 S 1 2 3 972
976 S 1 2 3 976
980 S 1 2 3 980
984 S 1 2 3 984
988 S 1 2 3 988
992 S 1 2 3 992
996 S 1 2 3 996
1000 S 1 2 3 1000
1004 S 1 2 3 1004
1008 S 1 2 3 1008
1012 S 1 2 3 1012
1016 S 1 2 3 1016
1020 S 1 2 3 1020
1024 S 1 2 3 1024
1028 S 1 2 3 1028
1032 S 1 2 3 1032
1036 S 1 2 3 1036
1040 S 1 2 3 1040
1044 S 1 2 3 1044
1048 S 1 2 3 1048
1052 S 1 2 3 1052
1056 S 1 2 3 1056
1060 S 1 2 3 1060
1064 S 1 2 3 1064
1068 S 1 2 3 1068
1072 S 1 2 3 1072
1076 S 1 2 3 1076
1080 S 1 2 3 1080
1084 S 1 2 3 1084
1088 S 1 2 3 1088
1092 S 1 2 3 1092
1096 S 1 2 3 1096
1100 S 1 2 3 1100
1104 S 1 2 3 1104
1108 S 1 2 3 1108
1112 S 1 2 3 1112
1116 S 1 2 3 1116
1120 S 1 2 3 1120
1124 S 1 2 3 1124
1128 S 1 2 3 1128
1132 S 1 2 3 1132
1136 S 1 2 3 1136
1140 S 1 2 3 1140
1144 S 1 2 3 1144
1148 S 1 2 3 1148
1152 S 1 2 3 1152
1156 S 1 2 3 1156
1160 S 1 2 3 1160
1164 S 1 2 3 1164
1168 S 1 2 3 1168
1172 S 1 2 3 1172
1176 S 1 2 3 1176
1180 S 1 2 3 1180
1184 S 1 2 3 1184
1188 S 1 2 3 1188
1192 S 1 2 3 1192
1196 S 1 2 3 1196
1200 S 1 2 3 1200
